        HEX|DEC
Counter: 01|001
Bytecode: 01|001
+--------+--------------------------------------------------------------------------------+----------------+
| Offset | 000  001  002  003  004  005  006  007  008  009  010  011  012  013  014  015 |     ASCII      |
+--------+--------------------------------------------------------------------------------+----------------+
|      0 | 001  000  000  000  000  000  000  000  000  000  000  000  000  000  000  000 |                |
|     16 | 000  000  000  000  000  000  000  000  000  000  000  000  000  000  000  000 |                |
|     32 | 000  000  000  000  000  000  000  000  000  000  000  000  000  000  000  000 |                |
|     48 | 000  000  000  000  000  000  000  000  000  000  000  000  000  000  000  000 |                |
|     64 | 000  000  000  000  000  000  000  000  000  000  000  000  000  000  000  000 |                |
|     80 | 000  000  000  000  000  000  000  000  000  000  000  000  000  000  000  000 |                |
|     96 | 000  000  000  000  000  000  000  000  000  000  000  000  000  000  000  000 |                |
|    112 | 000  000  000  000  000  000  000  000  000  000  000  000  000  000  000  000 |                |
|    128 | 000  000  000  000  000  000  000  000  000  000  000  000  000  000  000  000 |                |
|    144 | 000  000  000  000  000  000  000  000  000  000  000  000  000  000  000  000 |                |
|    160 | 000  000  000  000  000  000  000  000  000  000  000  000  000  000  000  000 |                |
|    176 | 000  000  000  000  000  000  000  000  000  000  000  000  000  000  000  000 |                |
|    192 | 000  000  000  000  000  000  000  000  000  000  000  000  000  000  000  000 |                |
|    208 | 000  000  000  000  000  000  000  000  000  000  000  000  000  000  000  000 |                |
|    224 | 000  000  000  000  000  000  000  000  000  000  000  000  000  000  000  000 |                |
|    240 | 000  000  000  000  000  000  000  000  000  000  000  000  000  000  000  000 |                |
+--------+--------------------------------------------------------------------------------+----------------+

        HEX|DEC
Counter: 02|002
Bytecode: 01|001
+--------+--------------------------------------------------------------------------------+----------------+
| Offset | 000  001  002  003  004  005  006  007  008  009  010  011  012  013  014  015 |     ASCII      |
+--------+--------------------------------------------------------------------------------+----------------+
|      0 | 002  000  000  000  000  000  000  000  000  000  000  000  000  000  000  000 |                |
|     16 | 000  000  000  000  000  000  000  000  000  000  000  000  000  000  000  000 |                |
|     32 | 000  000  000  000  000  000  000  000  000  000  000  000  000  000  000  000 |                |
|     48 | 000  000  000  000  000  000  000  000  000  000  000  000  000  000  000  000 |                |
|     64 | 000  000  000  000  000  000  000  000  000  000  000  000  000  000  000  000 |                |
|     80 | 000  000  000  000  000  000  000  000  000  000  000  000  000  000  000  000 |                |
|     96 | 000  000  000  000  000  000  000  000  000  000  000  000  000  000  000  000 |                |
|    112 | 000  000  000  000  000  000  000  000  000  000  000  000  000  000  000  000 |                |
|    128 | 000  000  000  000  000  000  000  000  000  000  000  000  000  000  000  000 |                |
|    144 | 000  000  000  000  000  000  000  000  000  000  000  000  000  000  000  000 |                |
|    160 | 000  000  000  000  000  000  000  000  000  000  000  000  000  000  000  000 |                |
|    176 | 000  000  000  000  000  000  000  000  000  000  000  000  000  000  000  000 |                |
|    192 | 000  000  000  000  000  000  000  000  000  000  000  000  000  000  000  000 |                |
|    208 | 000  000  000  000  000  000  000  000  000  000  000  000  000  000  000  000 |                |
|    224 | 000  000  000  000  000  000  000  000  000  000  000  000  000  000  000  000 |                |
|    240 | 000  000  000  000  000  000  000  000  000  000  000  000  000  000  000  000 |                |
+--------+--------------------------------------------------------------------------------+----------------+

        HEX|DEC
Counter: 03|003
Bytecode: 01|001
+--------+--------------------------------------------------------------------------------+----------------+
| Offset | 000  001  002  003  004  005  006  007  008  009  010  011  012  013  014  015 |     ASCII      |
+--------+--------------------------------------------------------------------------------+----------------+
|      0 | 003  000  000  000  000  000  000  000  000  000  000  000  000  000  000  000 |                |
|     16 | 000  000  000  000  000  000  000  000  000  000  000  000  000  000  000  000 |                |
|     32 | 000  000  000  000  000  000  000  000  000  000  000  000  000  000  000  000 |                |
|     48 | 000  000  000  000  000  000  000  000  000  000  000  000  000  000  000  000 |                |
|     64 | 000  000  000  000  000  000  000  000  000  000  000  000  000  000  000  000 |                |
|     80 | 000  000  000  000  000  000  000  000  000  000  000  000  000  000  000  000 |                |
|     96 | 000  000  000  000  000  000  000  000  000  000  000  000  000  000  000  000 |                |
|    112 | 000  000  000  000  000  000  000  000  000  000  000  000  000  000  000  000 |                |
|    128 | 000  000  000  000  000  000  000  000  000  000  000  000  000  000  000  000 |                |
|    144 | 000  000  000  000  000  000  000  000  000  000  000  000  000  000  000  000 |                |
|    160 | 000  000  000  000  000  000  000  000  000  000  000  000  000  000  000  000 |                |
|    176 | 000  000  000  000  000  000  000  000  000  000  000  000  000  000  000  000 |                |
|    192 | 000  000  000  000  000  000  000  000  000  000  000  000  000  000  000  000 |                |
|    208 | 000  000  000  000  000  000  000  000  000  000  000  000  000  000  000  000 |                |
|    224 | 000  000  000  000  000  000  000  000  000  000  000  000  000  000  000  000 |                |
|    240 | 000  000  000  000  000  000  000  000  000  000  000  000  000  000  000  000 |                |
+--------+--------------------------------------------------------------------------------+----------------+

        HEX|DEC
Counter: 04|004
Bytecode: 01|001
+--------+--------------------------------------------------------------------------------+----------------+
| Offset | 000  001  002  003  004  005  006  007  008  009  010  011  012  013  014  015 |     ASCII      |
+--------+--------------------------------------------------------------------------------+----------------+
|      0 | 004  000  000  000  000  000  000  000  000  000  000  000  000  000  000  000 |                |
|     16 | 000  000  000  000  000  000  000  000  000  000  000  000  000  000  000  000 |                |
|     32 | 000  000  000  000  000  000  000  000  000  000  000  000  000  000  000  000 |                |
|     48 | 000  000  000  000  000  000  000  000  000  000  000  000  000  000  000  000 |                |
|     64 | 000  000  000  000  000  000  000  000  000  000  000  000  000  000  000  000 |                |
|     80 | 000  000  000  000  000  000  000  000  000  000  000  000  000  000  000  000 |                |
|     96 | 000  000  000  000  000  000  000  000  000  000  000  000  000  000  000  000 |                |
|    112 | 000  000  000  000  000  000  000  000  000  000  000  000  000  000  000  000 |                |
|    128 | 000  000  000  000  000  000  000  000  000  000  000  000  000  000  000  000 |                |
|    144 | 000  000  000  000  000  000  000  000  000  000  000  000  000  000  000  000 |                |
|    160 | 000  000  000  000  000  000  000  000  000  000  000  000  000  000  000  000 |                |
|    176 | 000  000  000  000  000  000  000  000  000  000  000  000  000  000  000  000 |                |
|    192 | 000  000  000  000  000  000  000  000  000  000  000  000  000  000  000  000 |                |
|    208 | 000  000  000  000  000  000  000  000  000  000  000  000  000  000  000  000 |                |
|    224 | 000  000  000  000  000  000  000  000  000  000  000  000  000  000  000  000 |                |
|    240 | 000  000  000  000  000  000  000  000  000  000  000  000  000  000  000  000 |                |
+--------+--------------------------------------------------------------------------------+----------------+

        HEX|DEC
Counter: 05|005
Bytecode: 01|001
+--------+--------------------------------------------------------------------------------+----------------+
| Offset | 000  001  002  003  004  005  006  007  008  009  010  011  012  013  014  015 |     ASCII      |
+--------+--------------------------------------------------------------------------------+----------------+
|      0 | 005  000  000  000  000  000  000  000  000  000  000  000  000  000  000  000 |                |
|     16 | 000  000  000  000  000  000  000  000  000  000  000  000  000  000  000  000 |                |
|     32 | 000  000  000  000  000  000  000  000  000  000  000  000  000  000  000  000 |                |
|     48 | 000  000  000  000  000  000  000  000  000  000  000  000  000  000  000  000 |                |
|     64 | 000  000  000  000  000  000  000  000  000  000  000  000  000  000  000  000 |                |
|     80 | 000  000  000  000  000  000  000  000  000  000  000  000  000  000  000  000 |                |
|     96 | 000  000  000  000  000  000  000  000  000  000  000  000  000  000  000  000 |                |
|    112 | 000  000  000  000  000  000  000  000  000  000  000  000  000  000  000  000 |                |
|    128 | 000  000  000  000  000  000  000  000  000  000  000  000  000  000  000  000 |                |
|    144 | 000  000  000  000  000  000  000  000  000  000  000  000  000  000  000  000 |                |
|    160 | 000  000  000  000  000  000  000  000  000  000  000  000  000  000  000  000 |                |
|    176 | 000  000  000  000  000  000  000  000  000  000  000  000  000  000  000  000 |                |
|    192 | 000  000  000  000  000  000  000  000  000  000  000  000  000  000  000  000 |                |
|    208 | 000  000  000  000  000  000  000  000  000  000  000  000  000  000  000  000 |                |
|    224 | 000  000  000  000  000  000  000  000  000  000  000  000  000  000  000  000 |                |
|    240 | 000  000  000  000  000  000  000  000  000  000  000  000  000  000  000  000 |                |
+--------+--------------------------------------------------------------------------------+----------------+

        HEX|DEC
Counter: 06|006
Bytecode: 01|001
+--------+--------------------------------------------------------------------------------+----------------+
| Offset | 000  001  002  003  004  005  006  007  008  009  010  011  012  013  014  015 |     ASCII      |
+--------+--------------------------------------------------------------------------------+----------------+
|      0 | 006  000  000  000  000  000  000  000  000  000  000  000  000  000  000  000 |                |
|     16 | 000  000  000  000  000  000  000  000  000  000  000  000  000  000  000  000 |                |
|     32 | 000  000  000  000  000  000  000  000  000  000  000  000  000  000  000  000 |                |
|     48 | 000  000  000  000  000  000  000  000  000  000  000  000  000  000  000  000 |                |
|     64 | 000  000  000  000  000  000  000  000  000  000  000  000  000  000  000  000 |                |
|     80 | 000  000  000  000  000  000  000  000  000  000  000  000  000  000  000  000 |                |
|     96 | 000  000  000  000  000  000  000  000  000  000  000  000  000  000  000  000 |                |
|    112 | 000  000  000  000  000  000  000  000  000  000  000  000  000  000  000  000 |                |
|    128 | 000  000  000  000  000  000  000  000  000  000  000  000  000  000  000  000 |                |
|    144 | 000  000  000  000  000  000  000  000  000  000  000  000  000  000  000  000 |                |
|    160 | 000  000  000  000  000  000  000  000  000  000  000  000  000  000  000  000 |                |
|    176 | 000  000  000  000  000  000  000  000  000  000  000  000  000  000  000  000 |                |
|    192 | 000  000  000  000  000  000  000  000  000  000  000  000  000  000  000  000 |                |
|    208 | 000  000  000  000  000  000  000  000  000  000  000  000  000  000  000  000 |                |
|    224 | 000  000  000  000  000  000  000  000  000  000  000  000  000  000  000  000 |                |
|    240 | 000  000  000  000  000  000  000  000  000  000  000  000  000  000  000  000 |                |
+--------+--------------------------------------------------------------------------------+----------------+

        HEX|DEC
Counter: 07|007
Bytecode: 01|001
+--------+--------------------------------------------------------------------------------+----------------+
| Offset | 000  001  002  003  004  005  006  007  008  009  010  011  012  013  014  015 |     ASCII      |
+--------+--------------------------------------------------------------------------------+----------------+
|      0 | 007  000  000  000  000  000  000  000  000  000  000  000  000  000  000  000 |                |
|     16 | 000  000  000  000  000  000  000  000  000  000  000  000  000  000  000  000 |                |
|     32 | 000  000  000  000  000  000  000  000  000  000  000  000  000  000  000  000 |                |
|     48 | 000  000  000  000  000  000  000  000  000  000  000  000  000  000  000  000 |                |
|     64 | 000  000  000  000  000  000  000  000  000  000  000  000  000  000  000  000 |                |
|     80 | 000  000  000  000  000  000  000  000  000  000  000  000  000  000  000  000 |                |
|     96 | 000  000  000  000  000  000  000  000  000  000  000  000  000  000  000  000 |                |
|    112 | 000  000  000  000  000  000  000  000  000  000  000  000  000  000  000  000 |                |
|    128 | 000  000  000  000  000  000  000  000  000  000  000  000  000  000  000  000 |                |
|    144 | 000  000  000  000  000  000  000  000  000  000  000  000  000  000  000  000 |                |
|    160 | 000  000  000  000  000  000  000  000  000  000  000  000  000  000  000  000 |                |
|    176 | 000  000  000  000  000  000  000  000  000  000  000  000  000  000  000  000 |                |
|    192 | 000  000  000  000  000  000  000  000  000  000  000  000  000  000  000  000 |                |
|    208 | 000  000  000  000  000  000  000  000  000  000  000  000  000  000  000  000 |                |
|    224 | 000  000  000  000  000  000  000  000  000  000  000  000  000  000  000  000 |                |
|    240 | 000  000  000  000  000  000  000  000  000  000  000  000  000  000  000  000 |                |
+--------+--------------------------------------------------------------------------------+----------------+

        HEX|DEC
Counter: 08|008
Bytecode: 01|001
+--------+--------------------------------------------------------------------------------+----------------+
| Offset | 000  001  002  003  004  005  006  007  008  009  010  011  012  013  014  015 |     ASCII      |
+--------+--------------------------------------------------------------------------------+----------------+
|      0 | 008  000  000  000  000  000  000  000  000  000  000  000  000  000  000  000 |                |
|     16 | 000  000  000  000  000  000  000  000  000  000  000  000  000  000  000  000 |                |
|     32 | 000  000  000  000  000  000  000  000  000  000  000  000  000  000  000  000 |                |
|     48 | 000  000  000  000  000  000  000  000  000  000  000  000  000  000  000  000 |                |
|     64 | 000  000  000  000  000  000  000  000  000  000  000  000  000  000  000  000 |                |
|     80 | 000  000  000  000  000  000  000  000  000  000  000  000  000  000  000  000 |                |
|     96 | 000  000  000  000  000  000  000  000  000  000  000  000  000  000  000  000 |                |
|    112 | 000  000  000  000  000  000  000  000  000  000  000  000  000  000  000  000 |                |
|    128 | 000  000  000  000  000  000  000  000  000  000  000  000  000  000  000  000 |                |
|    144 | 000  000  000  000  000  000  000  000  000  000  000  000  000  000  000  000 |                |
|    160 | 000  000  000  000  000  000  000  000  000  000  000  000  000  000  000  000 |                |
|    176 | 000  000  000  000  000  000  000  000  000  000  000  000  000  000  000  000 |                |
|    192 | 000  000  000  000  000  000  000  000  000  000  000  000  000  000  000  000 |                |
|    208 | 000  000  000  000  000  000  000  000  000  000  000  000  000  000  000  000 |                |
|    224 | 000  000  000  000  000  000  000  000  000  000  000  000  000  000  000  000 |                |
|    240 | 000  000  000  000  000  000  000  000  000  000  000  000  000  000  000  000 |                |
+--------+--------------------------------------------------------------------------------+----------------+

        HEX|DEC
Counter: 09|009
Bytecode: 00|000
+--------+--------------------------------------------------------------------------------+----------------+
| Offset | 000  001  002  003  004  005  006  007  008  009  010  011  012  013  014  015 |     ASCII      |
+--------+--------------------------------------------------------------------------------+----------------+
|      0 | 008  000  000  000  000  000  000  000  000  000  000  000  000  000  000  000 |                |
|     16 | 000  000  000  000  000  000  000  000  000  000  000  000  000  000  000  000 |                |
|     32 | 000  000  000  000  000  000  000  000  000  000  000  000  000  000  000  000 |                |
|     48 | 000  000  000  000  000  000  000  000  000  000  000  000  000  000  000  000 |                |
|     64 | 000  000  000  000  000  000  000  000  000  000  000  000  000  000  000  000 |                |
|     80 | 000  000  000  000  000  000  000  000  000  000  000  000  000  000  000  000 |                |
|     96 | 000  000  000  000  000  000  000  000  000  000  000  000  000  000  000  000 |                |
|    112 | 000  000  000  000  000  000  000  000  000  000  000  000  000  000  000  000 |                |
|    128 | 000  000  000  000  000  000  000  000  000  000  000  000  000  000  000  000 |                |
|    144 | 000  000  000  000  000  000  000  000  000  000  000  000  000  000  000  000 |                |
|    160 | 000  000  000  000  000  000  000  000  000  000  000  000  000  000  000  000 |                |
|    176 | 000  000  000  000  000  000  000  000  000  000  000  000  000  000  000  000 |                |
|    192 | 000  000  000  000  000  000  000  000  000  000  000  000  000  000  000  000 |                |
|    208 | 000  000  000  000  000  000  000  000  000  000  000  000  000  000  000  000 |                |
|    224 | 000  000  000  000  000  000  000  000  000  000  000  000  000  000  000  000 |                |
|    240 | 000  000  000  000  000  000  000  000  000  000  000  000  000  000  000  000 |                |
+--------+--------------------------------------------------------------------------------+----------------+